25 26
4 -1 0 0 0 -1 0 0 0 0 0 0 0 0 0 0 0 0 0 0 0 0 0 0 0 45
-1 4 -1 0 0 0 -1 0 0 0 0 0 0 0 0 0 0 0 0 0 0 0 0 0 0 20
0 -1 4 -1 0 0 0 -1 0 0 0 0 0 0 0 0 0 0 0 0 0 0 0 0 0 20
0 0 -1 4 -1 0 0 0 -1 0 0 0 0 0 0 0 0 0 0 0 0 0 0 0 0 20
0 0 0 -1 4 0 0 0 0 -1 0 0 0 0 0 0 0 0 0 0 0 0 0 0 0 40
-1 0 0 0 0 4 -1 0 0 0 -1 0 0 0 0 0 0 0 0 0 0 0 0 0 0 20
0 -1 0 0 0 -1 4 -1  0 0 0 -1 0 0 0 0 0 0 0 0 0 0 0 0 0 0
0 0 -1 0 0 0 -1 4 -1 0 0 0 -1 0 0 0 0 0 0 0 0 0 0 0 0 0
0 0 0 -1 0 0 0 -1 4 -1 0 0 0 -1 0 0 0 0 0 0 0 0 0 0 0 0
0 0 0 0 -1 0 0 0 -1 4 0 0 0 0 -1 0 0 0 0 0 0 0 0 0 0 20
0 0 0 0 0 -1 0 0 0 0 4 -1 0 0 0 -1 0 0 0 0 0 0 0 0 0 25
0 0 0 0 0 0 -1 0 0 0 -1 4 -1 0 0 0 -1 0 0 0 0 0 0 0 0 0
0 0 0 0 0 0 0 -1 0 0 0 -1 4 -1 0 0 0 -1 0 0 0 0 0 0 0 0
0 0 0 0 0 0 0 0 -1 0 0 0 -1 4 -1 0 0 0 -1 0 0 0 0 0 0 0
0 0 0 0 0 0 0 0 0 -1 0 0 0 -1 4 -1 0 0 0 -1 0 0 0 0 0 20
0 0 0 0 0 0 0 0 0 0 -1 0 0 0 0 4 -1 0 0 0 -1 0 0 0 0 25
0 0 0 0 0 0 0 0 0 0 0 -1 0 0 0 -1 4 -1 0 0 0 -1 0 0 0 0
0 0 0 0 0 0 0 0 0 0 0 0 -1 0 0 0 -1 4 -1 0 0 0 -1 0 0 0
0 0 0 0 0 0 0 0 0 0 0 0 0 -1 0 0 0 -1 4 -1 0 0 0 -1 0 0
0 0 0 0 0 0 0 0 0 0 0 0 0 0 -1 0 0 0 -1 4 -1 0 0 0 -1 0
0 0 0 0 0 0 0 0 0 0 0 0 0 0 0 -1 0 0 0 0 4 -1 0 0 0 55
0 0 0 0 0 0 0 0 0 0 0 0 0 0 0 0 -1 0 0 0 -1 4 -1 0 0 30
0 0 0 0 0 0 0 0 0 0 0 0 0 0 0 0 0 -1 0 0 0 -1 4 -1 0 30
0 0 0 0 0 0 0 0 0 0 0 0 0 0 0 0 0 0 -1 0 0 0 -1 4 -1 30
0 0 0 0 0 0 0 0 0 0 0 0 0 0 0 0 0 0 0 -1 0 0 0 -1 4 50