Afghanistan 31056997 647500 700
Albania 3581655 28748 4500
Algeria 32930091 2381740 6000
AmericanSamoa 57794 199 8000
Andorra 71201 468 19000
Angola 12127071 1246700 1900
Anguilla 13477 102 8600
Antigua&Barbuda 69108 443 11000
Argentina 39921833 2766890 11200
Armenia 2976372 29800 3500
Aruba 71891 193 28000
Australia 20264082 7686850 29000
Austria 8192880 83870 30000
Azerbaijan 7961619 86600 3400
Bahamas 303770 13940 16700
Bahrain 698585 665 16900
Bangladesh 147365352 144000 1900
Barbados 279912 431 15700
Belarus 10293011 207600 6100
Belgium 10379067 30528 29100
Belize 287730 22966 4900
Benin 7862944 112620 1100
Bermuda 65773 53 36000
Bhutan 2279723 47000 1300
Bolivia 8989046 1098580 2400
Bosnia&Herzegovina 4498976 51129 6100
Botswana 1639833 600370 9000
Brazil 188078227 8511965 7600
BritishVirginIslands. 23098 153 16000
Brunei 379444 5770 18600
Bulgaria 7385367 110910 7600
BurkinaFaso 13902972 274200 1100
Burma 47382633 678500 1800
Burundi 8090068 27830 600
Cambodia 13881427 181040 1900
Cameroon 17340702 475440 1800
Canada 33098932 9984670 29800
CapeVerde 420979 4033 1400
CaymanIslands 45436 262 35000
CentralAfricanRep. 4303356 622984 1100
Chad 9944201 1284000 1200
Chile 16134219 756950 9900
China 1313973713 9596960 5000
Colombia 43593035 1138910 6300
Comoros 690948 2170 700
Congo,Dem.Rep. 62660551 2345410 700
Congo,Repub.ofthe 3702314 342000 700
CookIslands 21388 240 5000
CostaRica 4075261 51100 9100
Coted'Ivoire 17654843 322460 1400
Croatia 4494749 56542 10600
Cuba 11382820 110860 2900
Cyprus 784301 9250 19200
CzechRepublic 10235455 78866 15700
Denmark 5450661 43094 31100
Djibouti 486530 23000 1300
Dominica 68910 754 5400
DominicanRepublic 9183984 48730 6000
EastTimor 1062777 15007 500
Ecuador 13547510 283560 3300
Egypt 78887007 1001450 4000
ElSalvador 6822378 21040 4800
EquatorialGuinea 540109 28051 2700
Eritrea 4786994 121320 700
Estonia 1324333 45226 12300
Ethiopia 74777981 1127127 700
FaroeIslands 47246 1399 22000
Fiji 905949 18270 5800
Finland 5231372 338145 27400
France 60876136 547030 27600
FrenchGuiana 199509 91000 8300
FrenchPolynesia 274578 4167 17500
Gabon 1424906 267667 5500
Gambia,The 1641564 11300 1700
GazaStrip 1428757 360 600
Georgia 4661473 69700 2500
Germany 82422299 357021 27600
Ghana 22409572 239460 2200
Gibraltar 27928 7 17500
Greece 10688058 131940 20000
Greenland 56361 2166086 20000
Grenada 89703 344 5000
Guadeloupe 452776 1780 8000
Guam 171019 541 21000
Guatemala 12293545 108890 4100
Guernsey 65409 78 20000
Guinea 9690222 245857 2100
Guinea-Bissau 1442029 36120 800
Guyana 767245 214970 4000
Haiti 8308504 27750 1600
Honduras 7326496 112090 2600
HongKong 6940432 1092 28800
Hungary 9981334 93030 13900
Iceland 299388 103000 30900
India 1095351995 3287590 2900
Indonesia 245452739 1919440 3200
Iran 68688433 1648000 7000
Iraq 26783383 437072 1500
Ireland 4062235 70280 29600
IsleofMan 75441 572 21000
Israel 6352117 20770 19800
Italy 58133509 301230 26700
Jamaica 2758124 10991 3900
Japan 127463611 377835 28200
Jersey 91084 116 24800
Jordan 5906760 92300 4300
Kazakhstan 15233244 2717300 6300
Kenya 34707817 582650 1000
Kiribati 105432 811 800
Korea,North 23113019 120540 1300
Korea,South 48846823 98480 17800
Kuwait 2418393 17820 19000
Kyrgyzstan 5213898 198500 1600
Laos 6368481 236800 1700
Latvia 2274735 64589 10200
Lebanon 3874050 10400 4800
Lesotho 2022331 30355 3000
Liberia 3042004 111370 1000
Libya 5900754 1759540 6400
Liechtenstein 33987 160 25000
Lithuania 3585906 65200 11400
Luxembourg 474413 2586 55100
Macau 453125 28 19400
Macedonia 2050554 25333 6700
Madagascar 18595469 587040 800
Malawi 13013926 118480 600
Malaysia 24385858 329750 9000
Maldives 359008 300 3900
Mali 11716829 1240000 900
Malta 400214 316 17700
MarshallIslands 60422 11854 1600
Martinique 436131 1100 14400
Mauritania 3177388 1030700 1800
Mauritius 1240827 2040 11400
Mayotte 201234 374 2600
Mexico 107449525 1972550 9000
Micronesia,Fed.St. 108004 702 2000
Moldova 4466706 33843 1800
Monaco 32543 2 27000
Mongolia 2832224 1564116 1800
Montserrat 9439 102 3400
Morocco 33241259 446550 4000
Mozambique 19686505 801590 1200
Namibia 2044147 825418 7200
Nauru 13287 21 5000
Nepal 28287147 147181 1400
Netherlands 16491461 41526 28600
NetherlandsAntilles 221736 960 11400
NewCaledonia 219246 19060 15000
NewZealand 4076140 268680 21600
Nicaragua 5570129 129494 2300
Niger 12525094 1267000 800
Nigeria 131859731 923768 900
N.MarianaIslands 82459 477 12500
Norway 4610820 323802 37800
Oman 3102229 212460 13100
Pakistan 165803560 803940 2100
Palau 20579 458 9000
Panama 3191319 78200 6300
PapuaNewGuinea 5670544 462840 2200
Paraguay 6506464 406750 4700
Peru 28302603 1285220 5100
Philippines 89468677 300000 4600
Poland 38536869 312685 11100
Portugal 10605870 92391 18000
PuertoRico 3927188 13790 16800
Qatar 885359 11437 21500
Reunion 787584 2517 5800
Romania 22303552 237500 7000
Russia 142893540 17075200 8900
Rwanda 8648248 26338 1300
SaintHelena 7502 413 2500
SaintKitts&Nevis 39129 261 8800
SaintLucia 168458 616 5400
StPierre&Miquelon 7026 242 6900
SaintVincentandtheGrenadines 117848 389 2900
Samoa 176908 2944 5600
SanMarino 29251 61 34600
SaoTome&Principe 193413 1001 1200
SaudiArabia 27019731 1960582 11800
Senegal 11987121 196190 1600
Serbia 9396411 88361 2200
Seychelles 81541 455 7800
SierraLeone 6005250 71740 500
Singapore 4492150 693 23700
Slovakia 5439448 48845 13300
Slovenia 2010347 20273 19000
SolomonIslands 552438 28450 1700
Somalia 8863338 637657 500
SouthAfrica 44187637 1219912 10700
Spain 40397842 504782 22000
SriLanka 20222240 65610 3700
Sudan 41236378 2505810 1900
Suriname 439117 163270 4000
Swaziland 1136334 17363 4900
Sweden 9016596 449964 26800
Switzerland 7523934 41290 32700
Syria 18881361 185180 3300
Taiwan 23036087 35980 23400
Tajikistan 7320815 143100 1000
Tanzania 37445392 945087 600
Thailand 64631595 514000 7400
Togo 5548702 56785 1500
Tonga 114689 748 2200
Trinidad&Tobago 1065842 5128 9500
Tunisia 10175014 163610 6900
Turkey 70413958 780580 6700
Turkmenistan 5042920 488100 5800
Turks&CaicosIs 21152 430 9600
Tuvalu 11810 26 1100
Uganda 28195754 236040 1400
Ukraine 46710816 603700 5400
UnitedArabEmirates 2602713 82880 23200
UnitedKingdom 60609153 244820 27700
UnitedStates 298444215 9631420 37800
Uruguay 3431932 176220 12800
Uzbekistan 27307134 447400 1700
Vanuatu 208869 12200 2900
Venezuela 25730435 912050 4800
Vietnam 84402966 329560 2500
VirginIslands 108605 1910 17200
WallisandFutuna 16025 274 3700
WestBank 2460492 5860 800
WesternSahara 273008 266000 
Yemen 21456188 527970 800
Zambia 11502010 752614 800
Zimbabwe 12236805 390580 1900